87219231
  -OEChem-04051603272D

 22 22  0     0  0  0  0  0  0999 V2000
  -10.1470   -5.8401    0.0000 O   0  0  0  0  0  0  0  0  0  0  0  0
   -9.1056   -4.0416    0.0000 O   0  0  0  0  0  0  0  0  0  0  0  0
    1.2990   -0.7500    0.0000 C   0  0  0  0  0  0  0  0  0  0  0  0
    0.0000   -1.5000    0.0000 C   0  0  0  0  0  0  0  0  0  0  0  0
   -1.2990   -0.7500    0.0000 C   0  0  0  0  0  0  0  0  0  0  0  0
    1.2990    0.7500    0.0000 C   0  0  0  0  0  0  0  0  0  0  0  0
   -0.0031   -3.0008    0.0000 C   0  0  0  0  0  0  0  0  0  0  0  0
   -1.2990    0.7500    0.0000 C   0  0  0  0  0  0  0  0  0  0  0  0
    0.0000    1.5000    0.0000 C   0  0  0  0  0  0  0  0  0  0  0  0
    1.2707   -1.9497    0.0000 C   0  0  0  0  0  0  0  0  0  0  0  0
    2.3239   -0.1258    0.0000 C   0  0  0  0  0  0  0  0  0  0  0  0
   -1.3039   -3.7494    0.0000 C   0  0  0  0  0  0  0  0  0  0  0  0
   -2.3383   -1.3500    0.0000 C   0  0  0  0  0  0  0  0  0  0  0  0
   -1.3070   -5.2502    0.0000 C   0  0  0  0  0  0  0  0  0  0  0  0
   -2.6078   -5.9988    0.0000 C   0  0  0  0  0  0  0  0  0  0  0  0
   -6.5069   -5.2445    0.0000 C   0  0  0  0  0  0  0  0  0  0  0  0
   -3.9070   -5.2473    0.0000 C   0  0  0  0  0  0  0  0  0  0  0  0
   -5.2078   -5.9959    0.0000 C   0  0  0  0  0  0  0  0  0  0  0  0
   -7.8078   -5.9930    0.0000 C   0  0  0  0  0  0  0  0  0  0  0  0
   -0.2688   -5.8520    0.0000 C   0  0  0  0  0  0  0  0  0  0  0  0
   -9.1069   -5.2416    0.0000 C   0  0  0  0  0  0  0  0  0  0  0  0
   -6.5056   -4.0445    0.0000 C   0  0  0  0  0  0  0  0  0  0  0  0
  1 21  2  0  0  0  0
  2 21  1  0  0  0  0
  3  4  1  0  0  0  0
  3  6  1  0  0  0  0
  3 10  1  0  0  0  0
  3 11  1  0  0  0  0
  4  5  2  0  0  0  0
  4  7  1  0  0  0  0
  5  8  1  0  0  0  0
  5 13  1  0  0  0  0
  6  9  1  0  0  0  0
  7 12  2  0  0  0  0
  8  9  1  0  0  0  0
 12 14  1  0  0  0  0
 14 15  2  0  0  0  0
 14 20  1  0  0  0  0
 15 17  1  0  0  0  0
 16 18  1  0  0  0  0
 16 19  2  0  0  0  0
 16 22  1  0  0  0  0
 17 18  2  0  0  0  0
 19 21  1  0  0  0  0
M  END
> <PUBCHEM_COMPOUND_ID_TYPE>
0

> <PUBCHEM_TOTAL_CHARGE>
0

> <PUBCHEM_SUBSTANCE_ID>
87219231

> <PUBCHEM_SUBSTANCE_VERSION>
2

> <PUBCHEM_EXT_DATASOURCE_NAME>
The Scripps Research Institute Molecular Screening Center

> <PUBCHEM_EXT_DATASOURCE_REGID>
SR-05000013784-1

> <PUBCHEM_SUBSTANCE_COMMENT>
MLSMR_SAMPLE_SUPPLIER: The Scripps Research Institute Molecular Screening Center
MLSMR_SUPPLIER_STRUCTURE_ID: SR-05000013784-1

> <PUBCHEM_SUBSTANCE_SYNONYM>
SR-05000013784
SR-05000013784-1

> <PUBCHEM_XREF_EXT_ID>
SR-05000013784-1

> <PUBCHEM_EXT_DATASOURCE_URL>
http://mlpcn.florida.scripps.edu/

> <PUBCHEM_CID_ASSOCIATIONS>
449171  1

> <PUBCHEM_COORDINATE_TYPE>
1
3

$$$$
87219230
  -OEChem-04051603272D

 28 30  0     1  0  0  0  0  0999 V2000
    0.0671    8.1071    0.0000 O   0  0  0  0  0  0  0  0  0  0  0  0
   -4.9131   -0.7277    0.0000 C   0  0  3  0  0  0  0  0  0  0  0  0
   -4.9017    0.7673    0.0000 C   0  0  3  0  0  0  0  0  0  0  0  0
   -6.3387   -1.1726    0.0000 C   0  0  3  0  0  0  0  0  0  0  0  0
   -3.6015    1.5232    0.0000 C   0  0  0  0  0  0  0  0  0  0  0  0
   -3.6246   -1.5032    0.0000 C   0  0  0  0  0  0  0  0  0  0  0  0
   -6.3203    1.2340    0.0000 C   0  0  0  0  0  0  0  0  0  0  0  0
   -7.2045    0.0556    0.0000 C   0  0  0  0  0  0  0  0  0  0  0  0
   -6.8212   -2.5910    0.0000 C   0  0  3  0  0  0  0  0  0  0  0  0
   -5.0564   -1.9191    0.0000 C   0  0  0  0  0  0  0  0  0  0  0  0
   -2.2946    0.7474    0.0000 C   0  0  0  0  0  0  0  0  0  0  0  0
   -2.3061   -0.7475    0.0000 C   0  0  0  0  0  0  0  0  0  0  0  0
   -3.5957    3.0237    0.0000 C   0  0  0  0  0  0  0  0  0  0  0  0
   -8.2932   -2.8838    0.0000 C   0  0  0  0  0  0  0  0  0  0  0  0
   -2.2935    3.7700    0.0000 C   0  0  0  0  0  0  0  0  0  0  0  0
   -2.2878    5.2708    0.0000 C   0  0  0  0  0  0  0  0  0  0  0  0
   -6.0303   -3.4935    0.0000 C   0  0  0  0  0  0  0  0  0  0  0  0
   -3.5824    6.0284    0.0000 C   0  0  0  0  0  0  0  0  0  0  0  0
   -0.9844    6.0132    0.0000 C   0  0  0  0  0  0  0  0  0  0  0  0
   -8.7765   -4.3047    0.0000 C   0  0  0  0  0  0  0  0  0  0  0  0
   -0.9756    7.5132    0.0000 C   0  0  3  0  0  0  0  0  0  0  0  0
   -3.5736    7.5284    0.0000 C   0  0  0  0  0  0  0  0  0  0  0  0
   -2.2702    8.2708    0.0000 C   0  0  0  0  0  0  0  0  0  0  0  0
   -4.6251    5.4346    0.0000 C   0  0  0  0  0  0  0  0  0  0  0  0
  -10.2485   -4.5975    0.0000 C   0  0  0  0  0  0  0  0  0  0  0  0
  -10.7318   -6.0183    0.0000 C   0  0  0  0  0  0  0  0  0  0  0  0
  -11.9088   -6.2525    0.0000 C   0  0  0  0  0  0  0  0  0  0  0  0
   -9.9409   -6.9208    0.0000 C   0  0  0  0  0  0  0  0  0  0  0  0
 21  1  1  6  0  0  0
  2  3  1  0  0  0  0
  2  4  1  0  0  0  0
  2  6  1  0  0  0  0
  2 10  1  0  0  0  0
  3  5  1  0  0  0  0
  3  7  1  0  0  0  0
  4  8  1  0  0  0  0
  4  9  1  0  0  0  0
  5 11  1  0  0  0  0
  5 13  2  0  0  0  0
  6 12  1  0  0  0  0
  7  8  1  0  0  0  0
  9 14  1  0  0  0  0
  9 17  1  0  0  0  0
 11 12  1  0  0  0  0
 13 15  1  0  0  0  0
 14 20  1  0  0  0  0
 15 16  2  0  0  0  0
 16 18  1  0  0  0  0
 16 19  1  0  0  0  0
 18 22  1  0  0  0  0
 18 24  2  0  0  0  0
 19 21  1  0  0  0  0
 20 25  1  0  0  0  0
 21 23  1  0  0  0  0
 22 23  1  0  0  0  0
 25 26  1  0  0  0  0
 26 27  1  0  0  0  0
 26 28  1  0  0  0  0
M  END
> <PUBCHEM_COMPOUND_ID_TYPE>
0

> <PUBCHEM_TOTAL_CHARGE>
0

> <PUBCHEM_SUBSTANCE_ID>
87219230

> <PUBCHEM_SUBSTANCE_VERSION>
2

> <PUBCHEM_EXT_DATASOURCE_NAME>
The Scripps Research Institute Molecular Screening Center

> <PUBCHEM_EXT_DATASOURCE_REGID>
SR-05000001559-3

> <PUBCHEM_SUBSTANCE_COMMENT>
MLSMR_SAMPLE_SUPPLIER: The Scripps Research Institute Molecular Screening Center
MLSMR_SUPPLIER_STRUCTURE_ID: SR-05000001559-3

> <PUBCHEM_SUBSTANCE_SYNONYM>
SR-05000001559
SR-05000001559-3

> <PUBCHEM_XREF_EXT_ID>
SR-05000001559-3

> <PUBCHEM_EXT_DATASOURCE_URL>
http://mlpcn.florida.scripps.edu/

> <PUBCHEM_CID_ASSOCIATIONS>
9821465  1

> <PUBCHEM_COORDINATE_TYPE>
1
3

> <PUBCHEM_BONDANNOTATIONS>
21  1  6
2  10  3
3  7  3
4  8  3
9  17  3

$$$$
87219229
  -OEChem-04051603272D

 32 35  0     1  0  0  0  0  0999 V2000
   -5.2209   -2.4390    0.0000 O   0  0  0  0  0  0  0  0  0  0  0  0
   -1.6790   -0.3832    0.0000 C   0  0  3  0  0  0  0  0  0  0  0  0
   -1.6790   -1.8250    0.0000 C   0  0  3  0  0  0  0  0  0  0  0  0
    2.0440    0.3467    0.0000 C   0  0  3  0  0  0  0  0  0  0  0  0
   -0.4380    0.3285    0.0000 C   0  0  0  0  0  0  0  0  0  0  0  0
    2.0440    1.7885    0.0000 C   0  0  3  0  0  0  0  0  0  0  0  0
    0.8030   -0.3650    0.0000 C   0  0  0  0  0  0  0  0  0  0  0  0
   -2.9382   -2.5732    0.0000 C   0  0  0  0  0  0  0  0  0  0  0  0
    3.3032    2.5367    0.0000 C   0  0  3  0  0  0  0  0  0  0  0  0
   -0.4197   -2.5550    0.0000 C   0  0  0  0  0  0  0  0  0  0  0  0
    0.8212   -1.8067    0.0000 C   0  0  0  0  0  0  0  0  0  0  0  0
   -0.4562    1.7885    0.0000 C   0  0  0  0  0  0  0  0  0  0  0  0
    0.8030    2.5185    0.0000 C   0  0  0  0  0  0  0  0  0  0  0  0
    4.5625    0.3285    0.0000 C   0  0  0  0  0  0  0  0  0  0  0  0
   -2.9565    0.3102    0.0000 C   0  0  0  0  0  0  0  0  0  0  0  0
   -4.1792   -1.8432    0.0000 C   0  0  3  0  0  0  0  0  0  0  0  0
    4.5625    1.8067    0.0000 C   0  0  0  0  0  0  0  0  0  0  0  0
   -1.6930    0.8167    0.0000 C   0  0  0  0  0  0  0  0  0  0  0  0
    2.3487   -0.8139    0.0000 C   0  0  0  0  0  0  0  0  0  0  0  0
   -4.1792   -0.4015    0.0000 C   0  0  0  0  0  0  0  0  0  0  0  0
    2.0413    2.9885    0.0000 C   0  0  0  0  0  0  0  0  0  0  0  0
    3.2997    4.0378    0.0000 C   0  0  3  0  0  0  0  0  0  0  0  0
   -1.8844   -3.1471    0.0000 C   0  0  0  0  0  0  0  0  0  0  0  0
   -3.9895   -3.1519    0.0000 C   0  0  0  0  0  0  0  0  0  0  0  0
    1.9987    4.7860    0.0000 C   0  0  0  0  0  0  0  0  0  0  0  0
    4.3377    4.6399    0.0000 C   0  0  0  0  0  0  0  0  0  0  0  0
    1.9952    6.2868    0.0000 C   0  0  0  0  0  0  0  0  0  0  0  0
    0.6942    7.0350    0.0000 C   0  0  0  0  0  0  0  0  0  0  0  0
    0.6907    8.5359    0.0000 C   0  0  0  0  0  0  0  0  0  0  0  0
   -0.3496    9.1341    0.0000 C   0  0  0  0  0  0  0  0  0  0  0  0
    1.7287    9.1379    0.0000 C   0  0  0  0  0  0  0  0  0  0  0  0
   -0.8157   -1.3203    0.0000 H   0  0  0  0  0  0  0  0  0  0  0  0
  1 16  1  0  0  0  0
  2  3  1  0  0  0  0
  2  5  1  0  0  0  0
  2 15  1  0  0  0  0
  2 18  1  1  0  0  0
  3  8  1  0  0  0  0
  3 10  1  0  0  0  0
  3 32  1  6  0  0  0
  4  6  1  0  0  0  0
  4  7  1  0  0  0  0
  4 14  1  0  0  0  0
  4 19  1  6  0  0  0
  5  7  2  0  0  0  0
  5 12  1  0  0  0  0
  6  9  1  0  0  0  0
  6 13  1  0  0  0  0
  6 21  1  1  0  0  0
  7 11  1  0  0  0  0
  8 16  1  0  0  0  0
  8 23  1  0  0  0  0
  8 24  1  0  0  0  0
  9 17  1  0  0  0  0
  9 22  1  0  0  0  0
 10 11  1  0  0  0  0
 12 13  1  0  0  0  0
 14 17  1  0  0  0  0
 15 20  1  0  0  0  0
 16 20  1  0  0  0  0
 22 25  1  0  0  0  0
 22 26  1  1  0  0  0
 25 27  1  0  0  0  0
 27 28  1  0  0  0  0
 28 29  2  0  0  0  0
 29 30  1  0  0  0  0
 29 31  1  0  0  0  0
M  END
> <PUBCHEM_COMPOUND_ID_TYPE>
0

> <PUBCHEM_TOTAL_CHARGE>
0

> <PUBCHEM_SUBSTANCE_ID>
87219229

> <PUBCHEM_SUBSTANCE_VERSION>
2

> <PUBCHEM_EXT_DATASOURCE_NAME>
The Scripps Research Institute Molecular Screening Center

> <PUBCHEM_EXT_DATASOURCE_REGID>
SR-05000000449-4

> <PUBCHEM_SUBSTANCE_COMMENT>
MLSMR_SAMPLE_SUPPLIER: The Scripps Research Institute Molecular Screening Center
MLSMR_SUPPLIER_STRUCTURE_ID: SR-05000000449-4

> <PUBCHEM_SUBSTANCE_SYNONYM>
SR-05000000449
SR-05000000449-4

> <PUBCHEM_XREF_EXT_ID>
SR-05000000449-4

> <PUBCHEM_EXT_DATASOURCE_URL>
http://mlpcn.florida.scripps.edu/

> <PUBCHEM_CID_ASSOCIATIONS>
44537827  1

> <PUBCHEM_COORDINATE_TYPE>
1
3

> <PUBCHEM_BONDANNOTATIONS>
2  18  5
22  26  5
3  32  6
4  19  6
6  21  5

$$$$
87219228
  -OEChem-04051603272D

 31 34  0     1  0  0  0  0  0999 V2000
   -5.2209   -2.4390    0.0000 O   0  0  0  0  0  0  0  0  0  0  0  0
    0.8030   -0.3650    0.0000 C   0  0  3  0  0  0  0  0  0  0  0  0
    2.0440    0.3467    0.0000 C   0  0  3  0  0  0  0  0  0  0  0  0
   -0.4380    0.3285    0.0000 C   0  0  3  0  0  0  0  0  0  0  0  0
    2.0440    1.7885    0.0000 C   0  0  3  0  0  0  0  0  0  0  0  0
   -1.6790   -0.3832    0.0000 C   0  0  3  0  0  0  0  0  0  0  0  0
    3.3032    2.5367    0.0000 C   0  0  3  0  0  0  0  0  0  0  0  0
   -0.4562    1.7885    0.0000 C   0  0  0  0  0  0  0  0  0  0  0  0
    0.8212   -1.8067    0.0000 C   0  0  0  0  0  0  0  0  0  0  0  0
    0.8030    2.5185    0.0000 C   0  0  0  0  0  0  0  0  0  0  0  0
    4.5625    0.3285    0.0000 C   0  0  0  0  0  0  0  0  0  0  0  0
   -1.6790   -1.8250    0.0000 C   0  0  0  0  0  0  0  0  0  0  0  0
    4.5625    1.8067    0.0000 C   0  0  0  0  0  0  0  0  0  0  0  0
   -0.4197   -2.5550    0.0000 C   0  0  0  0  0  0  0  0  0  0  0  0
   -2.9565    0.3102    0.0000 C   0  0  0  0  0  0  0  0  0  0  0  0
    2.0413    2.9885    0.0000 C   0  0  0  0  0  0  0  0  0  0  0  0
    3.2946    4.0378    0.0000 C   0  0  3  0  0  0  0  0  0  0  0  0
   -2.7111   -0.9954    0.0000 C   0  0  0  0  0  0  0  0  0  0  0  0
   -2.9382   -2.5732    0.0000 C   0  0  0  0  0  0  0  0  0  0  0  0
   -4.1792   -0.4015    0.0000 C   0  0  0  0  0  0  0  0  0  0  0  0
   -4.1792   -1.8432    0.0000 C   0  0  3  0  0  0  0  0  0  0  0  0
    1.9910    4.7815    0.0000 C   0  0  0  0  0  0  0  0  0  0  0  0
    4.3305    4.6434    0.0000 C   0  0  0  0  0  0  0  0  0  0  0  0
    1.9824    6.2823    0.0000 C   0  0  0  0  0  0  0  0  0  0  0  0
    0.6788    7.0261    0.0000 C   0  0  0  0  0  0  0  0  0  0  0  0
    0.6702    8.5269    0.0000 C   0  0  0  0  0  0  0  0  0  0  0  0
   -0.3720    9.1216    0.0000 C   0  0  0  0  0  0  0  0  0  0  0  0
    1.7062    9.1325    0.0000 C   0  0  0  0  0  0  0  0  0  0  0  0
    1.6715   -0.8608    0.0000 H   0  0  0  0  0  0  0  0  0  0  0  0
    2.2979   -0.6205    0.0000 H   0  0  0  0  0  0  0  0  0  0  0  0
   -1.3064    0.8243    0.0000 H   0  0  0  0  0  0  0  0  0  0  0  0
 21  1  1  6  0  0  0
  2  3  1  0  0  0  0
  2  4  1  0  0  0  0
  2  9  1  0  0  0  0
  2 29  1  1  0  0  0
  3  5  1  0  0  0  0
  3 11  1  0  0  0  0
  3 30  1  6  0  0  0
  4  6  1  0  0  0  0
  4  8  1  0  0  0  0
  4 31  1  6  0  0  0
  5  7  1  0  0  0  0
  5 10  1  0  0  0  0
  5 16  1  1  0  0  0
  6 12  1  0  0  0  0
  6 15  1  0  0  0  0
  6 18  1  1  0  0  0
  7 13  1  0  0  0  0
  7 17  1  1  0  0  0
  8 10  1  0  0  0  0
  9 14  1  0  0  0  0
 11 13  1  0  0  0  0
 12 14  2  0  0  0  0
 12 19  1  0  0  0  0
 15 20  1  0  0  0  0
 17 22  1  0  0  0  0
 17 23  1  1  0  0  0
 19 21  1  0  0  0  0
 20 21  1  0  0  0  0
 22 24  1  0  0  0  0
 24 25  1  0  0  0  0
 25 26  1  0  0  0  0
 26 27  1  0  0  0  0
 26 28  1  0  0  0  0
M  END
> <PUBCHEM_COMPOUND_ID_TYPE>
0

> <PUBCHEM_TOTAL_CHARGE>
0

> <PUBCHEM_SUBSTANCE_ID>
87219228

> <PUBCHEM_SUBSTANCE_VERSION>
2

> <PUBCHEM_EXT_DATASOURCE_NAME>
The Scripps Research Institute Molecular Screening Center

> <PUBCHEM_EXT_DATASOURCE_REGID>
SR-05000000442-3

> <PUBCHEM_SUBSTANCE_COMMENT>
MLSMR_SAMPLE_SUPPLIER: The Scripps Research Institute Molecular Screening Center
MLSMR_SUPPLIER_STRUCTURE_ID: SR-05000000442-3

> <PUBCHEM_SUBSTANCE_SYNONYM>
SR-05000000442
SR-05000000442-3

> <PUBCHEM_XREF_EXT_ID>
SR-05000000442-3

> <PUBCHEM_EXT_DATASOURCE_URL>
http://mlpcn.florida.scripps.edu/

> <PUBCHEM_CID_ASSOCIATIONS>
5283629  1

> <PUBCHEM_COORDINATE_TYPE>
1
3

> <PUBCHEM_BONDANNOTATIONS>
21  1  6
17  23  5
2  29  5
3  30  6
4  31  6
5  16  5
6  18  5
7  17  5

$$$$
87219227
  -OEChem-04051603272D

 26 29  0     1  0  0  0  0  0999 V2000
   -1.4997    2.3811    0.0000 O   0  0  0  0  0  0  0  0  0  0  0  0
    4.3838    1.6414    0.0000 O   0  0  0  0  0  0  0  0  0  0  0  0
    4.3392    4.6392    0.0000 O   0  0  0  0  0  0  0  0  0  0  0  0
   -5.2209   -2.4390    0.0000 O   0  0  0  0  0  0  0  0  0  0  0  0
    1.9982    5.9868    0.0000 O   0  0  0  0  0  0  0  0  0  0  0  0
    2.0440    1.7885    0.0000 C   0  0  3  0  0  0  0  0  0  0  0  0
    2.0440    0.3467    0.0000 C   0  0  3  0  0  0  0  0  0  0  0  0
   -0.4380    0.3285    0.0000 C   0  0  3  0  0  0  0  0  0  0  0  0
    0.8030   -0.3650    0.0000 C   0  0  3  0  0  0  0  0  0  0  0  0
   -1.6790   -0.3832    0.0000 C   0  0  3  0  0  0  0  0  0  0  0  0
    3.3032    2.5367    0.0000 C   0  0  3  0  0  0  0  0  0  0  0  0
   -0.4562    1.7885    0.0000 C   0  0  3  0  0  0  0  0  0  0  0  0
    0.8030    2.5185    0.0000 C   0  0  0  0  0  0  0  0  0  0  0  0
   -1.6790   -1.8250    0.0000 C   0  0  0  0  0  0  0  0  0  0  0  0
    4.5625    0.3285    0.0000 C   0  0  0  0  0  0  0  0  0  0  0  0
    0.8212   -1.8067    0.0000 C   0  0  0  0  0  0  0  0  0  0  0  0
    4.5625    1.8067    0.0000 C   0  0  0  0  0  0  0  0  0  0  0  0
    3.3451    1.0404    0.0000 C   0  0  0  0  0  0  0  0  0  0  0  0
   -2.9565    0.3102    0.0000 C   0  0  0  0  0  0  0  0  0  0  0  0
   -0.4197   -2.5550    0.0000 C   0  0  0  0  0  0  0  0  0  0  0  0
    3.3007    4.0378    0.0000 C   0  0  0  0  0  0  0  0  0  0  0  0
   -2.9382   -2.5732    0.0000 C   0  0  0  0  0  0  0  0  0  0  0  0
   -1.6930    0.8167    0.0000 C   0  0  0  0  0  0  0  0  0  0  0  0
   -4.1792   -1.8432    0.0000 C   0  0  0  0  0  0  0  0  0  0  0  0
   -4.1792   -0.4015    0.0000 C   0  0  0  0  0  0  0  0  0  0  0  0
    2.0002    4.7868    0.0000 C   0  0  0  0  0  0  0  0  0  0  0  0
 12  1  1  1  0  0  0
  2 18  2  0  0  0  0
  3 21  2  0  0  0  0
  4 24  2  0  0  0  0
  5 26  1  0  0  0  0
  6  7  1  0  0  0  0
  6 11  1  0  0  0  0
  6 13  1  0  0  0  0
  6 18  1  1  0  0  0
  7  9  1  0  0  0  0
  7 15  1  1  0  0  0
  8  9  1  0  0  0  0
  8 10  1  0  0  0  0
  8 12  1  1  0  0  0
  9 16  1  6  0  0  0
 10 14  1  0  0  0  0
 10 19  1  0  0  0  0
 10 23  1  1  0  0  0
 11 17  1  0  0  0  0
 11 21  1  1  0  0  0
 12 13  1  0  0  0  0
 14 20  1  0  0  0  0
 14 22  2  0  0  0  0
 15 17  1  0  0  0  0
 16 20  1  0  0  0  0
 19 25  1  0  0  0  0
 21 26  1  0  0  0  0
 22 24  1  0  0  0  0
 24 25  1  0  0  0  0
M  END
> <PUBCHEM_COMPOUND_ID_TYPE>
0

> <PUBCHEM_TOTAL_CHARGE>
0

> <PUBCHEM_SUBSTANCE_ID>
87219227

> <PUBCHEM_SUBSTANCE_VERSION>
2

> <PUBCHEM_EXT_DATASOURCE_NAME>
The Scripps Research Institute Molecular Screening Center

> <PUBCHEM_EXT_DATASOURCE_REGID>
SR-01000838883-2

> <PUBCHEM_SUBSTANCE_COMMENT>
MLSMR_SAMPLE_SUPPLIER: The Scripps Research Institute Molecular Screening Center
MLSMR_SUPPLIER_STRUCTURE_ID: SR-01000838883-2

> <PUBCHEM_SUBSTANCE_SYNONYM>
SR-01000838883
SR-01000838883-2

> <PUBCHEM_XREF_EXT_ID>
SR-01000838883-2

> <PUBCHEM_EXT_DATASOURCE_URL>
http://mlpcn.florida.scripps.edu/

> <PUBCHEM_CID_ASSOCIATIONS>
5839  1

> <PUBCHEM_COORDINATE_TYPE>
1
3

> <PUBCHEM_BONDANNOTATIONS>
12  1  5
10  23  5
11  21  5
6  18  5
7  15  5
8  12  5
9  16  6

$$$$
87219226
  -OEChem-04051603272D

 29 31  0     0  0  0  0  0  0999 V2000
    7.7955    1.4967    0.0000 O   0  0  0  0  0  0  0  0  0  0  0  0
   -2.3383    1.3500    0.0000 O   0  0  0  0  0  0  0  0  0  0  0  0
    9.0908    5.2510    0.0000 N   0  0  0  0  0  0  0  0  0  0  0  0
    2.5973   -1.5031    0.0000 C   0  0  0  0  0  0  0  0  0  0  0  0
    2.5951   -3.0039    0.0000 C   0  0  0  0  0  0  0  0  0  0  0  0
    3.8982   -0.7550    0.0000 C   0  0  0  0  0  0  0  0  0  0  0  0
    1.2990   -0.7500    0.0000 C   0  0  0  0  0  0  0  0  0  0  0  0
    3.8933   -3.7570    0.0000 C   0  0  0  0  0  0  0  0  0  0  0  0
    5.1971   -1.5054    0.0000 C   0  0  0  0  0  0  0  0  0  0  0  0
    3.8989    0.7451    0.0000 C   0  0  0  0  0  0  0  0  0  0  0  0
    1.2990    0.7500    0.0000 C   0  0  0  0  0  0  0  0  0  0  0  0
    0.0000   -1.5000    0.0000 C   0  0  0  0  0  0  0  0  0  0  0  0
    1.2925   -3.7494    0.0000 C   0  0  0  0  0  0  0  0  0  0  0  0
    6.4970    0.7441    0.0000 C   0  0  0  0  0  0  0  0  0  0  0  0
    6.4964   -0.7559    0.0000 C   0  0  0  0  0  0  0  0  0  0  0  0
    5.1982    1.4946    0.0000 C   0  0  0  0  0  0  0  0  0  0  0  0
    3.8934   -5.2570    0.0000 C   0  0  0  0  0  0  0  0  0  0  0  0
    5.1925   -3.0070    0.0000 C   0  0  0  0  0  0  0  0  0  0  0  0
    0.0000    1.5000    0.0000 C   0  0  0  0  0  0  0  0  0  0  0  0
   -1.2990   -0.7500    0.0000 C   0  0  0  0  0  0  0  0  0  0  0  0
   -1.2990    0.7500    0.0000 C   0  0  0  0  0  0  0  0  0  0  0  0
    5.1924   -6.0070    0.0000 C   0  0  0  0  0  0  0  0  0  0  0  0
    6.4915   -3.7571    0.0000 C   0  0  0  0  0  0  0  0  0  0  0  0
    6.4915   -5.2571    0.0000 C   0  0  0  0  0  0  0  0  0  0  0  0
    0.2552   -3.1461    0.0000 C   0  0  0  0  0  0  0  0  0  0  0  0
    7.7939    2.9975    0.0000 C   0  0  0  0  0  0  0  0  0  0  0  0
    9.0924    3.7501    0.0000 C   0  0  0  0  0  0  0  0  0  0  0  0
   10.1291    5.8527    0.0000 C   0  0  0  0  0  0  0  0  0  0  0  0
    8.0508    5.8495    0.0000 C   0  0  0  0  0  0  0  0  0  0  0  0
  1 14  1  0  0  0  0
  1 26  1  0  0  0  0
  2 21  1  0  0  0  0
  3 27  1  0  0  0  0
  3 28  1  0  0  0  0
  3 29  1  0  0  0  0
  4  5  2  0  0  0  0
  4  6  1  0  0  0  0
  4  7  1  0  0  0  0
  5  8  1  0  0  0  0
  5 13  1  0  0  0  0
  6  9  2  0  0  0  0
  6 10  1  0  0  0  0
  7 11  2  0  0  0  0
  7 12  1  0  0  0  0
  8 17  2  0  0  0  0
  8 18  1  0  0  0  0
  9 15  1  0  0  0  0
 10 16  2  0  0  0  0
 11 19  1  0  0  0  0
 12 20  2  0  0  0  0
 13 25  1  0  0  0  0
 14 15  2  0  0  0  0
 14 16  1  0  0  0  0
 17 22  1  0  0  0  0
 18 23  2  0  0  0  0
 19 21  2  0  0  0  0
 20 21  1  0  0  0  0
 22 24  2  0  0  0  0
 23 24  1  0  0  0  0
 26 27  1  0  0  0  0
M  END
> <PUBCHEM_COMPOUND_ID_TYPE>
0

> <PUBCHEM_TOTAL_CHARGE>
0

> <PUBCHEM_SUBSTANCE_ID>
87219226

> <PUBCHEM_SUBSTANCE_VERSION>
2

> <PUBCHEM_EXT_DATASOURCE_NAME>
The Scripps Research Institute Molecular Screening Center

> <PUBCHEM_EXT_DATASOURCE_REGID>
SR-01000759243-5

> <PUBCHEM_SUBSTANCE_COMMENT>
MLSMR_SAMPLE_SUPPLIER: The Scripps Research Institute Molecular Screening Center
MLSMR_SUPPLIER_STRUCTURE_ID: SR-01000759243-5

> <PUBCHEM_SUBSTANCE_SYNONYM>
SR-01000759243
SR-01000759243-5

> <PUBCHEM_XREF_EXT_ID>
SR-01000759243-5

> <PUBCHEM_EXT_DATASOURCE_URL>
http://mlpcn.florida.scripps.edu/

> <PUBCHEM_CID_ASSOCIATIONS>
449459  1

> <PUBCHEM_COORDINATE_TYPE>
1
3

$$$$
87219225
  -OEChem-04051603272D

 21 22  0     0  0  0  0  0  0999 V2000
   -2.3383    1.3500    0.0000 Cl  0  0  0  0  0  0  0  0  0  0  0  0
    2.6003    1.4978    0.0000 S   0  0  0  0  0  0  0  0  0  0  0  0
    6.2387    0.8918    0.0000 O   0  0  0  0  0  0  0  0  0  0  0  0
    5.2024    2.6932    0.0000 O   0  0  0  0  0  0  0  0  0  0  0  0
    1.2990   -0.7500    0.0000 N   0  0  0  0  0  0  0  0  0  0  0  0
   -0.0031   -3.0008    0.0000 N   0  0  0  0  0  0  0  0  0  0  0  0
    0.0000    1.5000    0.0000 N   0  0  0  0  0  0  0  0  0  0  0  0
    0.0000   -1.5000    0.0000 C   0  0  0  0  0  0  0  0  0  0  0  0
    1.2990    0.7500    0.0000 C   0  0  0  0  0  0  0  0  0  0  0  0
   -1.3039   -3.7494    0.0000 C   0  0  0  0  0  0  0  0  0  0  0  0
   -1.2990    0.7500    0.0000 C   0  0  0  0  0  0  0  0  0  0  0  0
   -1.2990   -0.7500    0.0000 C   0  0  0  0  0  0  0  0  0  0  0  0
   -1.3092   -5.2494    0.0000 C   0  0  0  0  0  0  0  0  0  0  0  0
   -2.6108   -5.9949    0.0000 C   0  0  0  0  0  0  0  0  0  0  0  0
   -2.6004   -2.9949    0.0000 C   0  0  0  0  0  0  0  0  0  0  0  0
   -3.9072   -5.2404    0.0000 C   0  0  0  0  0  0  0  0  0  0  0  0
   -3.9020   -3.7404    0.0000 C   0  0  0  0  0  0  0  0  0  0  0  0
    3.8990    0.7455    0.0000 C   0  0  0  0  0  0  0  0  0  0  0  0
   -0.2720   -5.8530    0.0000 C   0  0  0  0  0  0  0  0  0  0  0  0
    5.2003    1.4932    0.0000 C   0  0  0  0  0  0  0  0  0  0  0  0
   -2.6149   -7.1949    0.0000 C   0  0  0  0  0  0  0  0  0  0  0  0
  1 11  1  0  0  0  0
  2  9  1  0  0  0  0
  2 18  1  0  0  0  0
  3 20  2  0  0  0  0
  4 20  1  0  0  0  0
  5  8  1  0  0  0  0
  5  9  2  0  0  0  0
  6  8  1  0  0  0  0
  6 10  1  0  0  0  0
  7  9  1  0  0  0  0
  7 11  2  0  0  0  0
  8 12  2  0  0  0  0
 10 13  1  0  0  0  0
 10 15  2  0  0  0  0
 11 12  1  0  0  0  0
 13 14  2  0  0  0  0
 13 19  1  0  0  0  0
 14 16  1  0  0  0  0
 14 21  1  0  0  0  0
 15 17  1  0  0  0  0
 16 17  2  0  0  0  0
 18 20  1  0  0  0  0
M  END
> <PUBCHEM_COMPOUND_ID_TYPE>
0

> <PUBCHEM_TOTAL_CHARGE>
0

> <PUBCHEM_SUBSTANCE_ID>
87219225

> <PUBCHEM_SUBSTANCE_VERSION>
2

> <PUBCHEM_EXT_DATASOURCE_NAME>
The Scripps Research Institute Molecular Screening Center

> <PUBCHEM_EXT_DATASOURCE_REGID>
SR-01000597401-4

> <PUBCHEM_SUBSTANCE_COMMENT>
MLSMR_SAMPLE_SUPPLIER: The Scripps Research Institute Molecular Screening Center
MLSMR_SUPPLIER_STRUCTURE_ID: SR-01000597401-4

> <PUBCHEM_SUBSTANCE_SYNONYM>
SR-01000597401
SR-01000597401-4

> <PUBCHEM_XREF_EXT_ID>
SR-01000597401-4

> <PUBCHEM_EXT_DATASOURCE_URL>
http://mlpcn.florida.scripps.edu/

> <PUBCHEM_CID_ASSOCIATIONS>
5694  1

> <PUBCHEM_COORDINATE_TYPE>
1
3

$$$$
87219224
  -OEChem-04051603272D

 28 31  0     1  0  0  0  0  0999 V2000
   -1.3064    0.8243    0.0000 F   0  0  0  0  0  0  0  0  0  0  0  0
    2.4229    3.0112    0.0000 O   0  0  0  0  0  0  0  0  0  0  0  0
   -1.4997    2.3811    0.0000 O   0  0  0  0  0  0  0  0  0  0  0  0
    4.5927    4.4532    0.0000 O   0  0  0  0  0  0  0  0  0  0  0  0
   -5.2209   -2.4390    0.0000 O   0  0  0  0  0  0  0  0  0  0  0  0
    5.9111    1.3104    0.0000 O   0  0  0  0  0  0  0  0  0  0  0  0
    2.0440    1.7885    0.0000 C   0  0  3  0  0  0  0  0  0  0  0  0
   -0.4380    0.3285    0.0000 C   0  0  3  0  0  0  0  0  0  0  0  0
    2.0440    0.3467    0.0000 C   0  0  3  0  0  0  0  0  0  0  0  0
    3.3032    2.5367    0.0000 C   0  0  3  0  0  0  0  0  0  0  0  0
    0.8030   -0.3650    0.0000 C   0  0  3  0  0  0  0  0  0  0  0  0
   -1.6790   -0.3832    0.0000 C   0  0  3  0  0  0  0  0  0  0  0  0
   -0.4562    1.7885    0.0000 C   0  0  3  0  0  0  0  0  0  0  0  0
    0.8030    2.5185    0.0000 C   0  0  0  0  0  0  0  0  0  0  0  0
    4.5625    1.8067    0.0000 C   0  0  3  0  0  0  0  0  0  0  0  0
    4.5625    0.3285    0.0000 C   0  0  0  0  0  0  0  0  0  0  0  0
   -1.6790   -1.8250    0.0000 C   0  0  0  0  0  0  0  0  0  0  0  0
    4.5993    3.2532    0.0000 C   0  0  0  0  0  0  0  0  0  0  0  0
    0.8212   -1.8067    0.0000 C   0  0  0  0  0  0  0  0  0  0  0  0
   -2.9565    0.3102    0.0000 C   0  0  0  0  0  0  0  0  0  0  0  0
    1.1791    1.2866    0.0000 C   0  0  0  0  0  0  0  0  0  0  0  0
   -0.4197   -2.5550    0.0000 C   0  0  0  0  0  0  0  0  0  0  0  0
   -2.5391   -0.8933    0.0000 C   0  0  0  0  0  0  0  0  0  0  0  0
   -2.9382   -2.5732    0.0000 C   0  0  0  0  0  0  0  0  0  0  0  0
    5.4289    2.3060    0.0000 C   0  0  0  0  0  0  0  0  0  0  0  0
   -4.1792   -0.4015    0.0000 C   0  0  0  0  0  0  0  0  0  0  0  0
   -4.1792   -1.8432    0.0000 C   0  0  0  0  0  0  0  0  0  0  0  0
    5.9034    2.5103    0.0000 C   0  0  0  0  0  0  0  0  0  0  0  0
  8  1  1  6  0  0  0
 10  2  1  6  0  0  0
 13  3  1  1  0  0  0
  4 18  2  0  0  0  0
  5 27  2  0  0  0  0
  6 28  1  0  0  0  0
  7  9  1  0  0  0  0
  7 10  1  0  0  0  0
  7 14  1  0  0  0  0
  7 21  1  1  0  0  0
  8 11  1  0  0  0  0
  8 12  1  0  0  0  0
  8 13  1  0  0  0  0
  9 11  1  0  0  0  0
  9 16  1  0  0  0  0
 10 15  1  0  0  0  0
 10 18  1  0  0  0  0
 11 19  1  0  0  0  0
 12 17  1  0  0  0  0
 12 20  1  0  0  0  0
 12 23  1  1  0  0  0
 13 14  1  0  0  0  0
 15 16  1  0  0  0  0
 15 25  1  1  0  0  0
 17 22  1  0  0  0  0
 17 24  2  0  0  0  0
 18 28  1  0  0  0  0
 19 22  1  0  0  0  0
 20 26  2  0  0  0  0
 24 27  1  0  0  0  0
 26 27  1  0  0  0  0
M  END
> <PUBCHEM_COMPOUND_ID_TYPE>
0

> <PUBCHEM_TOTAL_CHARGE>
0

> <PUBCHEM_SUBSTANCE_ID>
87219224

> <PUBCHEM_SUBSTANCE_VERSION>
2

> <PUBCHEM_EXT_DATASOURCE_NAME>
The Scripps Research Institute Molecular Screening Center

> <PUBCHEM_EXT_DATASOURCE_REGID>
SR-01000075723-7

> <PUBCHEM_SUBSTANCE_COMMENT>
MLSMR_SAMPLE_SUPPLIER: The Scripps Research Institute Molecular Screening Center
MLSMR_SUPPLIER_STRUCTURE_ID: SR-01000075723-7

> <PUBCHEM_SUBSTANCE_SYNONYM>
SR-01000075723
SR-01000075723-7

> <PUBCHEM_XREF_EXT_ID>
SR-01000075723-7

> <PUBCHEM_EXT_DATASOURCE_URL>
http://mlpcn.florida.scripps.edu/

> <PUBCHEM_CID_ASSOCIATIONS>
6710614  1

> <PUBCHEM_COORDINATE_TYPE>
1
3

> <PUBCHEM_BONDANNOTATIONS>
8  1  6
12  23  5
15  25  5
10  2  6
13  3  5
7  21  5

$$$$
87219223
  -OEChem-04051603272D

 28 32  0     1  0  0  0  0  0999 V2000
    3.7125    3.0351    0.0000 O   0  0  0  0  0  0  0  0  0  0  0  0
   -5.0613   -1.7672    0.0000 O   0  0  0  0  0  0  0  0  0  0  0  0
   -5.0613   -0.3603    0.0000 N   0  0  0  0  0  0  0  0  0  0  0  0
    2.2647   -0.3775    0.0000 C   0  0  3  0  0  0  0  0  0  0  0  0
    3.5000    0.2917    0.0000 C   0  0  3  0  0  0  0  0  0  0  0  0
    1.0466    0.3431    0.0000 C   0  0  3  0  0  0  0  0  0  0  0  0
    3.5000    1.7328    0.0000 C   0  0  3  0  0  0  0  0  0  0  0  0
   -0.1716   -0.3603    0.0000 C   0  0  3  0  0  0  0  0  0  0  0  0
    4.7524    2.4363    0.0000 C   0  0  3  0  0  0  0  0  0  0  0  0
    1.0466    1.7500    0.0000 C   0  0  0  0  0  0  0  0  0  0  0  0
    2.2990    2.4534    0.0000 C   0  0  0  0  0  0  0  0  0  0  0  0
    5.9534    0.2574    0.0000 C   0  0  0  0  0  0  0  0  0  0  0  0
   -0.1887   -1.7672    0.0000 C   0  0  0  0  0  0  0  0  0  0  0  0
    2.2647   -1.7843    0.0000 C   0  0  0  0  0  0  0  0  0  0  0  0
    5.9706    1.6814    0.0000 C   0  0  0  0  0  0  0  0  0  0  0  0
   -1.3897    0.3431    0.0000 C   0  0  0  0  0  0  0  0  0  0  0  0
    1.0294   -2.4706    0.0000 C   0  0  0  0  0  0  0  0  0  0  0  0
    2.4523    1.1478    0.0000 C   0  0  0  0  0  0  0  0  0  0  0  0
   -0.1716    0.8397    0.0000 C   0  0  0  0  0  0  0  0  0  0  0  0
   -2.6078   -0.3603    0.0000 C   0  0  0  0  0  0  0  0  0  0  0  0
    6.0665    3.1192    0.0000 C   0  0  0  0  0  0  0  0  0  0  0  0
   -1.3897   -2.4706    0.0000 C   0  0  0  0  0  0  0  0  0  0  0  0
   -2.6078   -1.7672    0.0000 C   0  0  0  0  0  0  0  0  0  0  0  0
   -3.8260    0.3431    0.0000 C   0  0  0  0  0  0  0  0  0  0  0  0
    7.1179    3.6977    0.0000 C   0  0  0  0  0  0  0  0  0  0  0  0
    3.1239   -0.8892    0.0000 H   0  0  0  0  0  0  0  0  0  0  0  0
    3.7389   -0.6794    0.0000 H   0  0  0  0  0  0  0  0  0  0  0  0
    1.0466   -0.6569    0.0000 H   0  0  0  0  0  0  0  0  0  0  0  0
  9  1  1  1  0  0  0
  2  3  1  0  0  0  0
  2 23  1  0  0  0  0
  3 24  2  0  0  0  0
  4  5  1  0  0  0  0
  4  6  1  0  0  0  0
  4 14  1  0  0  0  0
  4 26  1  1  0  0  0
  5  7  1  0  0  0  0
  5 12  1  0  0  0  0
  5 27  1  6  0  0  0
  6  8  1  0  0  0  0
  6 10  1  0  0  0  0
  6 28  1  6  0  0  0
  7  9  1  0  0  0  0
  7 11  1  0  0  0  0
  7 18  1  0  0  0  0
  8 13  1  0  0  0  0
  8 16  1  0  0  0  0
  8 19  1  0  0  0  0
  9 15  1  0  0  0  0
  9 21  1  6  0  0  0
 10 11  1  0  0  0  0
 12 15  1  0  0  0  0
 13 17  1  0  0  0  0
 13 22  2  0  0  0  0
 14 17  1  0  0  0  0
 16 20  1  0  0  0  0
 20 23  2  0  0  0  0
 20 24  1  0  0  0  0
 21 25  3  0  0  0  0
 22 23  1  0  0  0  0
M  END
> <PUBCHEM_COMPOUND_ID_TYPE>
0

> <PUBCHEM_TOTAL_CHARGE>
0

> <PUBCHEM_SUBSTANCE_ID>
87219223

> <PUBCHEM_SUBSTANCE_VERSION>
2

> <PUBCHEM_EXT_DATASOURCE_NAME>
The Scripps Research Institute Molecular Screening Center

> <PUBCHEM_EXT_DATASOURCE_REGID>
SR-01000075212-4

> <PUBCHEM_SUBSTANCE_COMMENT>
MLSMR_SAMPLE_SUPPLIER: The Scripps Research Institute Molecular Screening Center
MLSMR_SUPPLIER_STRUCTURE_ID: SR-01000075212-4

> <PUBCHEM_SUBSTANCE_SYNONYM>
SR-01000075212
SR-01000075212-4

> <PUBCHEM_XREF_EXT_ID>
SR-01000075212-4

> <PUBCHEM_EXT_DATASOURCE_URL>
http://mlpcn.florida.scripps.edu/

> <PUBCHEM_CID_ASSOCIATIONS>
11957530  1

> <PUBCHEM_COORDINATE_TYPE>
1
3

> <PUBCHEM_BONDANNOTATIONS>
9  1  5
4  26  5
5  27  6
6  28  6
9  21  6

$$$$
87219222
  -OEChem-04051603272D

 23 24  0     1  0  0  0  0  0999 V2000
    2.3383    1.3500    0.0000 I   0  0  0  0  0  0  0  0  0  0  0  0
    0.0000   -2.7000    0.0000 I   0  0  0  0  0  0  0  0  0  0  0  0
    4.9235   -5.8621    0.0000 I   0  0  0  0  0  0  0  0  0  0  0  0
    2.5973   -1.5031    0.0000 O   0  0  0  0  0  0  0  0  0  0  0  0
    2.5806   -7.2040    0.0000 O   0  0  0  0  0  0  0  0  0  0  0  0
   -3.8916    4.9570    0.0000 O   0  0  0  0  0  0  0  0  0  0  0  0
   -4.9336    3.1588    0.0000 O   0  0  0  0  0  0  0  0  0  0  0  0
   -1.5549    3.6021    0.0000 N   0  0  0  0  0  0  0  0  0  0  0  0
    1.2990   -0.7500    0.0000 C   0  0  0  0  0  0  0  0  0  0  0  0
    1.2990    0.7500    0.0000 C   0  0  0  0  0  0  0  0  0  0  0  0
    0.0000   -1.5000    0.0000 C   0  0  0  0  0  0  0  0  0  0  0  0
   -1.2990    0.7500    0.0000 C   0  0  0  0  0  0  0  0  0  0  0  0
    2.5951   -3.0039    0.0000 C   0  0  0  0  0  0  0  0  0  0  0  0
    0.0000    1.5000    0.0000 C   0  0  0  0  0  0  0  0  0  0  0  0
   -1.2990   -0.7500    0.0000 C   0  0  0  0  0  0  0  0  0  0  0  0
    3.8915   -3.7585    0.0000 C   0  0  0  0  0  0  0  0  0  0  0  0
    3.8864   -5.2585    0.0000 C   0  0  0  0  0  0  0  0  0  0  0  0
   -2.5973    1.5031    0.0000 C   0  0  0  0  0  0  0  0  0  0  0  0
    1.2935   -3.7495    0.0000 C   0  0  0  0  0  0  0  0  0  0  0  0
    2.5847   -6.0040    0.0000 C   0  0  0  0  0  0  0  0  0  0  0  0
    1.2883   -5.2495    0.0000 C   0  0  0  0  0  0  0  0  0  0  0  0
   -2.5951    3.0039    0.0000 C   0  0  3  0  0  0  0  0  0  0  0  0
   -3.8933    3.7570    0.0000 C   0  0  0  0  0  0  0  0  0  0  0  0
  1 10  1  0  0  0  0
  2 11  1  0  0  0  0
  3 17  1  0  0  0  0
  4  9  1  0  0  0  0
  4 13  1  0  0  0  0
  5 20  1  0  0  0  0
  6 23  2  0  0  0  0
  7 23  1  0  0  0  0
 22  8  1  1  0  0  0
  9 10  2  0  0  0  0
  9 11  1  0  0  0  0
 10 14  1  0  0  0  0
 11 15  2  0  0  0  0
 12 14  2  0  0  0  0
 12 15  1  0  0  0  0
 12 18  1  0  0  0  0
 13 16  1  0  0  0  0
 13 19  2  0  0  0  0
 16 17  2  0  0  0  0
 17 20  1  0  0  0  0
 18 22  1  0  0  0  0
 19 21  1  0  0  0  0
 20 21  2  0  0  0  0
 22 23  1  0  0  0  0
M  END
> <PUBCHEM_COMPOUND_ID_TYPE>
0

> <PUBCHEM_TOTAL_CHARGE>
0

> <PUBCHEM_SUBSTANCE_ID>
87219222

> <PUBCHEM_SUBSTANCE_VERSION>
2

> <PUBCHEM_EXT_DATASOURCE_NAME>
The Scripps Research Institute Molecular Screening Center

> <PUBCHEM_EXT_DATASOURCE_REGID>
SR-01000003143-4

> <PUBCHEM_SUBSTANCE_COMMENT>
MLSMR_SAMPLE_SUPPLIER: The Scripps Research Institute Molecular Screening Center
MLSMR_SUPPLIER_STRUCTURE_ID: SR-01000003143-4

> <PUBCHEM_SUBSTANCE_SYNONYM>
SR-01000003143
SR-01000003143-4

> <PUBCHEM_XREF_EXT_ID>
SR-01000003143-4

> <PUBCHEM_EXT_DATASOURCE_URL>
http://mlpcn.florida.scripps.edu/

> <PUBCHEM_CID_ASSOCIATIONS>
5920  1

> <PUBCHEM_COORDINATE_TYPE>
1
3

> <PUBCHEM_BONDANNOTATIONS>
22  8  5

$$$$
87219221
  -OEChem-04051603272D

 22 22  0     0  0  0  0  0  0999 V2000
   14.0386   -0.8781    0.0000 O   0  0  0  0  0  0  0  0  0  0  0  0
   13.0023   -2.6796    0.0000 O   0  0  0  0  0  0  0  0  0  0  0  0
    0.0000   -1.5000    0.0000 C   0  0  0  0  0  0  0  0  0  0  0  0
    1.2990   -0.7500    0.0000 C   0  0  0  0  0  0  0  0  0  0  0  0
    1.2990    0.7500    0.0000 C   0  0  0  0  0  0  0  0  0  0  0  0
   -1.2990   -0.7500    0.0000 C   0  0  0  0  0  0  0  0  0  0  0  0
    2.6003   -1.4977    0.0000 C   0  0  0  0  0  0  0  0  0  0  0  0
    0.0000    1.5000    0.0000 C   0  0  0  0  0  0  0  0  0  0  0  0
   -1.2990    0.7500    0.0000 C   0  0  0  0  0  0  0  0  0  0  0  0
    1.0531   -2.0753    0.0000 C   0  0  0  0  0  0  0  0  0  0  0  0
   -1.0530   -2.0754    0.0000 C   0  0  0  0  0  0  0  0  0  0  0  0
    3.8990   -0.7455    0.0000 C   0  0  0  0  0  0  0  0  0  0  0  0
    2.3383    1.3500    0.0000 C   0  0  0  0  0  0  0  0  0  0  0  0
    5.2003   -1.4932    0.0000 C   0  0  0  0  0  0  0  0  0  0  0  0
    6.4990   -0.7409    0.0000 C   0  0  0  0  0  0  0  0  0  0  0  0
   10.4003   -1.4841    0.0000 C   0  0  0  0  0  0  0  0  0  0  0  0
    7.8003   -1.4887    0.0000 C   0  0  0  0  0  0  0  0  0  0  0  0
    9.0990   -0.7364    0.0000 C   0  0  0  0  0  0  0  0  0  0  0  0
   11.6990   -0.7319    0.0000 C   0  0  0  0  0  0  0  0  0  0  0  0
    5.2024   -2.6932    0.0000 C   0  0  0  0  0  0  0  0  0  0  0  0
   13.0002   -1.4796    0.0000 C   0  0  0  0  0  0  0  0  0  0  0  0
   10.4024   -2.6841    0.0000 C   0  0  0  0  0  0  0  0  0  0  0  0
  1 21  2  0  0  0  0
  2 21  1  0  0  0  0
  3  4  1  0  0  0  0
  3  6  1  0  0  0  0
  3 10  1  0  0  0  0
  3 11  1  0  0  0  0
  4  5  2  0  0  0  0
  4  7  1  0  0  0  0
  5  8  1  0  0  0  0
  5 13  1  0  0  0  0
  6  9  1  0  0  0  0
  7 12  2  0  0  0  0
  8  9  1  0  0  0  0
 12 14  1  0  0  0  0
 14 15  2  0  0  0  0
 14 20  1  0  0  0  0
 15 17  1  0  0  0  0
 16 18  1  0  0  0  0
 16 19  2  0  0  0  0
 16 22  1  0  0  0  0
 17 18  2  0  0  0  0
 19 21  1  0  0  0  0
M  END
> <PUBCHEM_COMPOUND_ID_TYPE>
0

> <PUBCHEM_TOTAL_CHARGE>
0

> <PUBCHEM_SUBSTANCE_ID>
87219221

> <PUBCHEM_SUBSTANCE_VERSION>
2

> <PUBCHEM_EXT_DATASOURCE_NAME>
The Scripps Research Institute Molecular Screening Center

> <PUBCHEM_EXT_DATASOURCE_REGID>
SR-01000000239-14

> <PUBCHEM_SUBSTANCE_COMMENT>
MLSMR_SAMPLE_SUPPLIER: The Scripps Research Institute Molecular Screening Center
MLSMR_SUPPLIER_STRUCTURE_ID: SR-01000000239-14

> <PUBCHEM_SUBSTANCE_SYNONYM>
SR-01000000239
SR-01000000239-14

> <PUBCHEM_XREF_EXT_ID>
SR-01000000239-14

> <PUBCHEM_EXT_DATASOURCE_URL>
http://mlpcn.florida.scripps.edu/

> <PUBCHEM_CID_ASSOCIATIONS>
444795  1

> <PUBCHEM_COORDINATE_TYPE>
1
3

$$$$
87219220
  -OEChem-04051603272D

 23 26  0     1  0  0  0  0  0999 V2000
    2.2523    4.6325    0.0000 O   0  0  0  0  0  0  0  0  0  0  0  0
   -5.2209   -2.4390    0.0000 O   0  0  0  0  0  0  0  0  0  0  0  0
    2.0440    1.7885    0.0000 C   0  0  3  0  0  0  0  0  0  0  0  0
    2.0440    0.3467    0.0000 C   0  0  3  0  0  0  0  0  0  0  0  0
   -0.4380    0.3285    0.0000 C   0  0  3  0  0  0  0  0  0  0  0  0
   -1.6790   -0.3832    0.0000 C   0  0  3  0  0  0  0  0  0  0  0  0
    0.8030   -0.3650    0.0000 C   0  0  3  0  0  0  0  0  0  0  0  0
    3.3032    2.5367    0.0000 C   0  0  3  0  0  0  0  0  0  0  0  0
   -1.6790   -1.8250    0.0000 C   0  0  0  0  0  0  0  0  0  0  0  0
    0.8030    2.5185    0.0000 C   0  0  0  0  0  0  0  0  0  0  0  0
   -0.4562    1.7885    0.0000 C   0  0  0  0  0  0  0  0  0  0  0  0
    4.5625    0.3285    0.0000 C   0  0  0  0  0  0  0  0  0  0  0  0
    0.8212   -1.8067    0.0000 C   0  0  0  0  0  0  0  0  0  0  0  0
    4.5625    1.8067    0.0000 C   0  0  0  0  0  0  0  0  0  0  0  0
   -2.9565    0.3102    0.0000 C   0  0  0  0  0  0  0  0  0  0  0  0
   -0.4197   -2.5550    0.0000 C   0  0  0  0  0  0  0  0  0  0  0  0
    3.2946    4.0378    0.0000 C   0  0  0  0  0  0  0  0  0  0  0  0
    2.0413    2.9885    0.0000 C   0  0  0  0  0  0  0  0  0  0  0  0
   -2.9382   -2.5732    0.0000 C   0  0  0  0  0  0  0  0  0  0  0  0
   -1.6930    0.8167    0.0000 C   0  0  0  0  0  0  0  0  0  0  0  0
   -4.1792   -1.8432    0.0000 C   0  0  0  0  0  0  0  0  0  0  0  0
   -4.1792   -0.4015    0.0000 C   0  0  0  0  0  0  0  0  0  0  0  0
    4.3305    4.6434    0.0000 C   0  0  0  0  0  0  0  0  0  0  0  0
  1 17  2  0  0  0  0
  2 21  2  0  0  0  0
  3  4  1  0  0  0  0
  3  8  1  0  0  0  0
  3 10  1  0  0  0  0
  3 18  1  1  0  0  0
  4  7  1  0  0  0  0
  4 12  1  1  0  0  0
  5  6  1  0  0  0  0
  5  7  1  0  0  0  0
  5 11  1  1  0  0  0
  6  9  1  0  0  0  0
  6 15  1  0  0  0  0
  6 20  1  1  0  0  0
  7 13  1  6  0  0  0
  8 14  1  0  0  0  0
  8 17  1  1  0  0  0
  9 16  1  0  0  0  0
  9 19  2  0  0  0  0
 10 11  1  0  0  0  0
 12 14  1  0  0  0  0
 13 16  1  0  0  0  0
 15 22  1  0  0  0  0
 17 23  1  0  0  0  0
 19 21  1  0  0  0  0
 21 22  1  0  0  0  0
M  END
> <PUBCHEM_COMPOUND_ID_TYPE>
0

> <PUBCHEM_TOTAL_CHARGE>
0

> <PUBCHEM_SUBSTANCE_ID>
87219220

> <PUBCHEM_SUBSTANCE_VERSION>
2

> <PUBCHEM_EXT_DATASOURCE_NAME>
The Scripps Research Institute Molecular Screening Center

> <PUBCHEM_EXT_DATASOURCE_REGID>
SR-01000000088-5

> <PUBCHEM_SUBSTANCE_COMMENT>
MLSMR_SAMPLE_SUPPLIER: The Scripps Research Institute Molecular Screening Center
MLSMR_SUPPLIER_STRUCTURE_ID: SR-01000000088-5

> <PUBCHEM_SUBSTANCE_SYNONYM>
SR-01000000088
SR-01000000088-5

> <PUBCHEM_XREF_EXT_ID>
SR-01000000088-5

> <PUBCHEM_EXT_DATASOURCE_URL>
http://mlpcn.florida.scripps.edu/

> <PUBCHEM_CID_ASSOCIATIONS>
5994  1

> <PUBCHEM_COORDINATE_TYPE>
1
3

> <PUBCHEM_BONDANNOTATIONS>
3  18  5
4  12  5
5  11  5
6  20  5
7  13  6
8  17  5

$$$$
87219219
  -OEChem-04051603272D

 18 18  0     0  0  0  0  0  0999 V2000
    2.5973   -1.5031    0.0000 O   0  0  0  0  0  0  0  0  0  0  0  0
    6.2253   -8.1139    0.0000 O   0  0  0  0  0  0  0  0  0  0  0  0
    4.1470   -8.1099    0.0000 O   0  0  0  0  0  0  0  0  0  0  0  0
    5.1894   -6.0109    0.0000 C   0  0  0  0  0  0  0  0  0  0  0  0
    1.2990   -0.7500    0.0000 C   0  0  0  0  0  0  0  0  0  0  0  0
    1.2990    0.7500    0.0000 C   0  0  0  0  0  0  0  0  0  0  0  0
    5.1873   -7.5117    0.0000 C   0  0  0  0  0  0  0  0  0  0  0  0
    0.0000   -1.5000    0.0000 C   0  0  0  0  0  0  0  0  0  0  0  0
   -1.2990   -0.7500    0.0000 C   0  0  0  0  0  0  0  0  0  0  0  0
    3.8912   -5.2578    0.0000 C   0  0  0  0  0  0  0  0  0  0  0  0
    0.0000    1.5000    0.0000 C   0  0  0  0  0  0  0  0  0  0  0  0
   -1.2990    0.7500    0.0000 C   0  0  0  0  0  0  0  0  0  0  0  0
    3.8933   -3.7570    0.0000 C   0  0  0  0  0  0  0  0  0  0  0  0
    2.5951   -3.0039    0.0000 C   0  0  0  0  0  0  0  0  0  0  0  0
    5.1917   -4.8109    0.0000 C   0  0  0  0  0  0  0  0  0  0  0  0
    6.2297   -5.4127    0.0000 C   0  0  0  0  0  0  0  0  0  0  0  0
    2.3383    1.3500    0.0000 C   0  0  0  0  0  0  0  0  0  0  0  0
   -2.3383   -1.3500    0.0000 C   0  0  0  0  0  0  0  0  0  0  0  0
  1  5  1  0  0  0  0
  1 14  1  0  0  0  0
  2  7  2  0  0  0  0
  3  7  1  0  0  0  0
  4  7  1  0  0  0  0
  4 10  1  0  0  0  0
  4 15  1  0  0  0  0
  4 16  1  0  0  0  0
  5  6  1  0  0  0  0
  5  8  2  0  0  0  0
  6 11  2  0  0  0  0
  6 17  1  0  0  0  0
  8  9  1  0  0  0  0
  9 12  2  0  0  0  0
  9 18  1  0  0  0  0
 10 13  1  0  0  0  0
 11 12  1  0  0  0  0
 13 14  1  0  0  0  0
M  END
> <PUBCHEM_COMPOUND_ID_TYPE>
0

> <PUBCHEM_TOTAL_CHARGE>
0

> <PUBCHEM_SUBSTANCE_ID>
87219219

> <PUBCHEM_SUBSTANCE_VERSION>
2

> <PUBCHEM_EXT_DATASOURCE_NAME>
The Scripps Research Institute Molecular Screening Center

> <PUBCHEM_EXT_DATASOURCE_REGID>
SR-01000000056-6

> <PUBCHEM_SUBSTANCE_COMMENT>
MLSMR_SAMPLE_SUPPLIER: The Scripps Research Institute Molecular Screening Center
MLSMR_SUPPLIER_STRUCTURE_ID: SR-01000000056-6

> <PUBCHEM_SUBSTANCE_SYNONYM>
SR-01000000056
SR-01000000056-6

> <PUBCHEM_XREF_EXT_ID>
SR-01000000056-6

> <PUBCHEM_EXT_DATASOURCE_URL>
http://mlpcn.florida.scripps.edu/

> <PUBCHEM_CID_ASSOCIATIONS>
3463  1

> <PUBCHEM_COORDINATE_TYPE>
1
3

$$$$
85257301
  -OEChem-04051603272D

 31 32  0     1  0  0  0  0  0999 V2000
    0.0000    3.0008    0.0000 S   0  0  0  0  0  0  0  0  0  0  0  0
   -2.6269    8.4580    0.0000 F   0  0  0  0  0  0  0  0  0  0  0  0
   -3.4658    9.1900    0.0000 F   0  0  0  0  0  0  0  0  0  0  0  0
   -2.9261   10.1638    0.0000 F   0  0  0  0  0  0  0  0  0  0  0  0
   -1.3260   11.9413    0.0000 F   0  0  0  0  0  0  0  0  0  0  0  0
   -2.7239   10.6432    0.0000 F   0  0  0  0  0  0  0  0  0  0  0  0
   -2.5080   11.7354    0.0000 F   0  0  0  0  0  0  0  0  0  0  0  0
   -4.9399    3.1599    0.0000 F   0  0  0  0  0  0  0  0  0  0  0  0
   -4.9372    4.3597    0.0000 F   0  0  0  0  0  0  0  0  0  0  0  0
   -3.8968    4.9574    0.0000 F   0  0  0  0  0  0  0  0  0  0  0  0
    0.4052    9.8678    0.0000 O   0  0  0  0  0  0  0  0  0  0  0  0
    1.0394    3.6005    0.0000 O   0  0  0  0  0  0  0  0  0  0  0  0
    0.0005    4.2008    0.0000 O   0  0  0  0  0  0  0  0  0  0  0  0
   -1.2993    3.7521    0.0000 N   0  0  3  0  0  0  0  0  0  0  0  0
   -0.7770    9.6622    0.0000 C   0  0  0  0  0  0  0  0  0  0  0  0
   -1.7387   10.8145    0.0000 C   0  0  0  0  0  0  0  0  0  0  0  0
   -2.2839    9.3973    0.0000 C   0  0  0  0  0  0  0  0  0  0  0  0
   -1.2932    8.2530    0.0000 C   0  0  0  0  0  0  0  0  0  0  0  0
   -1.2993    5.2529    0.0000 C   0  0  0  0  0  0  0  0  0  0  0  0
    0.0043    7.5003    0.0000 C   0  0  0  0  0  0  0  0  0  0  0  0
   -2.5938    7.5056    0.0000 C   0  0  0  0  0  0  0  0  0  0  0  0
    0.0013    6.0003    0.0000 C   0  0  0  0  0  0  0  0  0  0  0  0
   -2.5968    6.0056    0.0000 C   0  0  0  0  0  0  0  0  0  0  0  0
    0.0000    1.5000    0.0000 C   0  0  0  0  0  0  0  0  0  0  0  0
   -2.6008    3.0047    0.0000 C   0  0  0  0  0  0  0  0  0  0  0  0
   -3.8993    3.7574    0.0000 C   0  0  0  0  0  0  0  0  0  0  0  0
    1.2990    0.7500    0.0000 C   0  0  0  0  0  0  0  0  0  0  0  0
   -1.2990    0.7500    0.0000 C   0  0  0  0  0  0  0  0  0  0  0  0
    1.2990   -0.7500    0.0000 C   0  0  0  0  0  0  0  0  0  0  0  0
   -1.2990   -0.7500    0.0000 C   0  0  0  0  0  0  0  0  0  0  0  0
    0.0000   -1.5000    0.0000 C   0  0  0  0  0  0  0  0  0  0  0  0
  1 12  2  0  0  0  0
  1 13  2  0  0  0  0
  1 14  1  0  0  0  0
  1 24  1  0  0  0  0
  2 17  1  0  0  0  0
  3 17  1  0  0  0  0
  4 17  1  0  0  0  0
  5 16  1  0  0  0  0
  6 16  1  0  0  0  0
  7 16  1  0  0  0  0
  8 26  1  0  0  0  0
  9 26  1  0  0  0  0
 10 26  1  0  0  0  0
 11 15  1  0  0  0  0
 14 19  1  0  0  0  0
 14 25  1  0  0  0  0
 15 16  1  0  0  0  0
 15 17  1  0  0  0  0
 15 18  1  0  0  0  0
 18 20  2  0  0  0  0
 18 21  1  0  0  0  0
 19 22  2  0  0  0  0
 19 23  1  0  0  0  0
 20 22  1  0  0  0  0
 21 23  2  0  0  0  0
 24 27  2  0  0  0  0
 24 28  1  0  0  0  0
 25 26  1  0  0  0  0
 27 29  1  0  0  0  0
 28 30  2  0  0  0  0
 29 31  2  0  0  0  0
 30 31  1  0  0  0  0
M  END
> <PUBCHEM_COMPOUND_ID_TYPE>
0

> <PUBCHEM_TOTAL_CHARGE>
0

> <PUBCHEM_SUBSTANCE_ID>
85257301

> <PUBCHEM_SUBSTANCE_VERSION>
2

> <PUBCHEM_EXT_DATASOURCE_NAME>
The Scripps Research Institute Molecular Screening Center

> <PUBCHEM_EXT_DATASOURCE_REGID>
SR-05000000453-1

> <PUBCHEM_SUBSTANCE_COMMENT>
MLSMR_SAMPLE_SUPPLIER: The Scripps Research Institute Molecular Screening Center
MLSMR_SUPPLIER_STRUCTURE_ID: SR-05000000453-1

> <PUBCHEM_SUBSTANCE_SYNONYM>
ML125
SR-05000000453
SR-05000000453-1

> <PUBCHEM_XREF_EXT_ID>
SR-05000000453-1

> <PUBCHEM_EXT_DATASOURCE_URL>
http://mlpcn.florida.scripps.edu/

> <PUBCHEM_CID_ASSOCIATIONS>
447912  1

> <PUBCHEM_COORDINATE_TYPE>
1
3

$$$$
